7.126030e+03 3.698585e+02 1.786893e+03 1.876144e-01 8.508053e-01 4.243387e-02 -5.792863e-02 4.984563e+00
6.191472e+03 3.992755e+02 1.689440e+03 8.007030e-01 5.172546e-02 9.547655e-03 6.662084e-02 2.423519e+00
6.359828e+03 2.364254e+02 1.892635e+03 2.431642e-01 3.177168e-01 5.699727e-02 -2.033315e-02 4.275106e+00
6.480805e+03 2.827156e+02 1.371072e+03 7.282323e-01 6.787940e-01 6.769118e-02 -2.625135e-02 4.141745e+00
8.396480e+03 2.489840e+02 1.815452e+03 9.288461e-01 8.026726e-01 1.013719e-03 -1.883350e-02 4.360960e+00
9.423795e+03 4.034435e+02 9.746081e+02 2.131312e-01 5.145261e-01 5.124267e-03 -5.644418e-02 3.575472e+00
7.961712e+03 1.587140e+02 8.796678e+02 7.134404e-01 5.919481e-01 2.776249e-02 -6.029581e-02 3.198376e+00
6.593099e+03 1.230943e+02 1.554272e+03 5.988894e-01 8.955239e-01 3.844600e-02 -4.916947e-03 5.585724e+00
6.529445e+03 4.231243e+02 8.386003e+02 3.132779e-01 2.568054e-01 3.380047e-02 4.268584e-02 3.476075e+00
8.508576e+03 4.560521e+02 4.757196e+02 5.755649e-01 1.073031e-01 5.390048e-02 5.910441e-02 2.548635e+00
9.030316e+03 3.531518e+02 1.169597e+03 9.444163e-01 5.564264e-01 4.704136e-02 2.756634e-02 3.009861e+00
5.532818e+03 3.046641e+02 7.995641e+02 3.067891e-01 2.079650e-01 3.168769e-02 -2.222578e-03 4.025571e+00
7.085311e+03 1.794637e+02 6.803418e+02 9.999078e-01 3.512539e-01 2.709866e-03 5.700759e-02 2.231767e+00
5.920624e+03 4.869456e+02 2.045646e+02 9.683241e-01 7.332612e-01 1.978081e-02 4.008990e-02 2.836300e+00
7.564872e+03 2.900038e+02 1.543489e+03 8.945363e-01 9.729106e-01 5.663510e-02 9.206498e-03 4.583943e+00
9.298628e+03 4.995575e+02 6.673640e+02 3.658467e-01 2.987179e-01 5.290266e-02 3.665613e-02 3.190622e+00
6.369679e+03 1.325287e+02 9.693246e+02 4.699716e-02 8.807384e-01 6.780292e-02 -3.380493e-02 4.937317e+00
8.043859e+03 2.526719e+02 1.872693e+03 1.980551e-01 4.931654e-01 2.867385e-02 -7.901704e-03 4.856866e+00
9.161508e+03 3.130486e+02 1.885735e+03 4.757756e-01 1.712955e-01 1.002326e-03 5.163795e-02 3.068231e+00
9.261647e+03 2.725378e+02 1.429878e+03 2.039037e-01 7.660891e-03 2.309667e-02 -2.319376e-02 3.426049e+00
6.484172e+03 3.245263e+02 4.485107e+02 2.380248e-01 3.691480e-01 9.724457e-03 2.616159e-02 3.826049e+00
5.935900e+03 4.339915e+02 1.112966e+03 2.285941e-01 5.321470e-01 2.588203e-02 2.040323e-02 4.808923e+00
7.356672e+03 1.438072e+02 1.510483e+03 9.135886e-03 7.449859e-02 8.040977e-03 8.772293e-03 4.154380e+00
6.902897e+03 3.456204e+02 6.381028e+02 9.727169e-01 7.495295e-01 5.093965e-02 6.414368e-02 2.870803e+00
7.947296e+03 3.305335e+02 6.202669e+02 1.181652e-01 7.168117e-01 1.908568e-02 4.725923e-02 3.983141e+00
6.727234e+03 2.158070e+02 1.414477e+03 9.813590e-01 9.161800e-01 3.510649e-02 5.960071e-02 3.833293e+00
8.454306e+03 3.217084e+02 1.575412e+03 8.471841e-01 7.991961e-01 1.921197e-03 -5.345305e-02 3.735290e+00
9.059092e+03 1.444599e+02 2.694954e+02 8.569208e-01 7.777880e-01 6.109692e-02 -1.143838e-02 2.942041e+00
6.460533e+03 2.448511e+02 7.626586e+02 4.458644e-01 2.239063e-01 7.734516e-03 -3.950986e-03 3.947507e+00
8.881389e+03 4.765949e+02 5.226466e+02 8.659643e-01 7.034608e-01 2.570853e-02 2.634476e-02 3.198458e+00
8.071947e+03 3.780971e+02 1.063683e+03 2.996435e-01 5.602794e-01 6.335499e-02 -4.635733e-03 4.158228e+00
6.677076e+03 4.199880e+02 5.759566e+02 5.570914e-01 7.271295e-01 5.868908e-02 2.778139e-02 3.819841e+00
8.323182e+03 1.546356e+02 1.598066e+03 1.070002e-01 3.746849e-01 3.390860e-02 -5.668121e-02 3.737034e+00
7.077440e+03 1.660085e+02 3.869328e+02 7.923597e-01 1.847994e-02 2.134397e-02 -4.283680e-03 2.771345e+00
5.503854e+03 3.850424e+02 1.942645e+03 9.306275e-01 3.899404e-02 5.889665e-02 4.619111e-02 2.356262e+00
6.892965e+03 4.050559e+02 3.320912e+02 7.312318e-01 2.208618e-02 5.497678e-02 -1.073208e-02 2.625644e+00
9.299463e+03 4.449192e+02 1.609676e+03 8.226512e-01 4.492977e-01 5.513389e-02 -2.645876e-03 3.425811e+00
9.469412e+03 4.950779e+02 4.248024e+02 4.541863e-01 9.695149e-01 3.376984e-02 2.241562e-02 3.931919e+00
8.060829e+03 4.299023e+02 8.554069e+02 6.548689e-01 6.840411e-01 2.856197e-02 7.566574e-03 4.104258e+00
5.927961e+03 2.860663e+02 1.084431e+03 7.542995e-01 5.074084e-01 1.023352e-02 2.213977e-02 4.110497e+00
9.371388e+03 1.166111e+02 2.448546e+02 6.179386e-01 1.610113e-01 4.624922e-03 -3.757568e-02 2.776065e+00
5.629528e+03 2.296449e+02 1.754683e+03 2.815416e-01 6.372541e-01 1.894480e-02 -3.904906e-02 5.361359e+00
7.628158e+03 3.087257e+02 1.307557e+03 8.106027e-01 8.387748e-01 9.040826e-03 6.083925e-02 3.762108e+00
5.809634e+03 2.435197e+02 1.653165e+03 1.252158e-01 2.350114e-01 3.962631e-02 3.953392e-02 4.055751e+00
7.886032e+03 2.981116e+02 2.755706e+02 4.948101e-01 8.747461e-01 5.148663e-02 -8.306032e-03 3.803083e+00
7.718927e+03 3.629796e+02 1.988839e+03 6.209433e-01 7.697668e-01 6.447497e-02 -1.301581e-02 4.786525e+00
7.442866e+03 2.034473e+02 7.378107e+02 6.608765e-01 3.058136e-01 5.763071e-02 4.072818e-02 2.936358e+00
5.979900e+03 2.781359e+02 1.070693e+03 8.332924e-01 4.373981e-01 2.446749e-02 -5.549288e-02 3.240113e+00
7.990841e+03 1.090768e+02 2.212981e+02 9.133949e-01 1.471046e-01 2.597320e-02 2.323770e-02 2.363582e+00
6.816290e+03 4.158270e+02 9.923443e+02 6.000327e-01 5.274114e-01 4.487422e-02 -2.690601e-02 3.862214e+00
8.303351e+03 4.254145e+02 1.469347e+03 5.830199e-01 8.414183e-01 4.445917e-02 -6.738158e-02 3.929300e+00
7.673963e+03 4.674887e+02 1.273092e+03 3.311567e-01 3.498116e-01 4.449521e-02 6.058213e-02 3.382267e+00
7.020181e+03 1.360051e+02 9.193427e+02 2.073716e-02 3.866030e-01 4.935276e-03 2.135369e-02 4.387947e+00
7.107998e+03 3.016853e+02 1.294004e+03 3.831425e-01 8.179791e-01 1.766480e-02 4.234149e-02 4.709456e+00
5.646769e+03 4.106842e+02 1.247154e+03 4.065591e-01 6.137741e-01 1.336207e-02 -4.944143e-02 4.517291e+00
6.797147e+03 3.169713e+02 1.213485e+03 5.217233e-02 2.700486e-01 4.362003e-02 3.228663e-02 3.927770e+00
7.183058e+03 1.828488e+02 1.967820e+03 8.667519e-02 4.570133e-01 4.661557e-02 -3.573705e-02 4.506737e+00
7.004059e+03 1.730674e+02 1.230854e+03 6.257135e-02 3.982526e-01 4.583968e-02 -3.456164e-02 4.132627e+00
9.210713e+03 1.639698e+02 5.281290e+02 4.822894e-01 1.912081e-01 2.728424e-02 2.006733e-02 3.222350e+00
8.240828e+03 2.266695e+02 1.959305e+03 1.768026e-01 1.548052e-01 4.710125e-02 1.450388e-02 3.750303e+00
6.031698e+03 3.392543e+02 1.722030e+03 5.667798e-01 4.055840e-01 9.718795e-03 4.293939e-02 4.058131e+00
7.317103e+03 3.402727e+02 5.003372e+02 4.363854e-01 8.953818e-02 4.702337e-02 1.841731e-02 3.097104e+00
5.759584e+03 1.073711e+02 7.783142e+02 6.358646e-01 2.601206e-01 2.614890e-02 1.290623e-02 3.587347e+00
9.122456e+03 4.752459e+02 3.539965e+02 1.625672e-01 3.288724e-01 3.798135e-02 4.389637e-02 3.310342e+00
5.555074e+03 2.655374e+02 1.625839e+03 5.182973e-01 9.828606e-01 4.865535e-03 6.158167e-02 5.486682e+00
6.014791e+03 1.140894e+02 1.323409e+03 5.210913e-01 1.306414e-01 1.979706e-02 -2.272392e-03 3.794986e+00
8.690814e+03 4.614553e+02 7.572252e+02 8.744763e-01 3.304018e-01 4.020053e-02 1.820137e-02 2.822629e+00
8.639450e+03 2.359784e+02 1.178233e+03 5.406401e-01 5.734832e-01 3.870590e-02 3.365451e-02 3.771993e+00
5.965652e+03 1.245918e+02 1.777864e+03 6.729423e-01 7.867894e-01 5.158119e-02 -6.572264e-02 4.594972e+00
7.368256e+03 4.800632e+02 1.916924e+03 3.477545e-01 9.019831e-01 6.630151e-03 -1.364844e-02 6.169740e+00
8.666642e+03 3.323906e+02 1.148043e+03 2.631673e-01 6.693404e-01 2.680514e-02 -4.056982e-02 4.197550e+00
6.724795e+03 3.724555e+02 1.036246e+03 4.131452e-01 9.335458e-01 3.597062e-02 3.786708e-02 4.856907e+00
6.325251e+03 3.560536e+02 1.518385e+03 3.748935e-01 8.625256e-01 1.758669e-02 -3.468837e-03 6.220041e+00
9.439819e+03 3.920623e+02 8.944457e+02 1.475005e-01 4.810995e-01 3.845615e-02 2.910100e-02 3.874346e+00
7.512004e+03 1.710367e+02 3.987058e+02 9.883354e-02 6.514414e-01 1.547355e-02 2.556457e-03 4.565278e+00
9.433843e+03 4.689587e+02 1.020046e+03 7.470593e-01 4.237068e-01 3.454244e-02 2.988418e-02 3.176998e+00
7.647037e+03 2.920609e+02 2.911128e+02 2.525076e-01 6.012023e-01 2.443998e-02 4.982674e-03 4.089425e+00
7.211935e+03 1.985522e+02 1.364602e+03 3.258314e-02 4.514260e-02 6.144484e-02 6.899697e-02 2.992600e+00
6.047387e+03 4.514764e+02 4.603011e+02 2.704705e-01 9.252716e-01 5.519219e-02 2.094505e-02 4.482966e+00
6.031399e+03 4.394594e+02 5.997830e+02 9.058256e-01 9.494673e-01 2.027863e-02 -6.649149e-02 3.491193e+00
7.921606e+03 1.319154e+02 1.350661e+03 8.851743e-01 6.249081e-01 3.408868e-02 -2.618471e-02 3.671899e+00
6.619001e+03 4.433879e+02 1.694497e+03 4.680734e-01 8.213913e-01 3.120178e-02 4.033551e-03 5.788148e+00
5.955786e+03 2.218135e+02 7.216319e+02 6.810141e-01 2.176338e-01 6.016877e-02 -6.047063e-02 2.752108e+00
9.144981e+03 2.178934e+02 9.382325e+02 5.091243e-01 2.450989e-01 2.924739e-02 6.625833e-02 2.794868e+00
7.714228e+03 2.584336e+02 3.642693e+02 3.286774e-01 4.177935e-01 1.028655e-02 -4.977798e-02 3.281364e+00
8.717747e+03 1.958414e+02 9.261617e+02 3.991393e-01 6.161364e-02 6.708724e-02 -5.776558e-03 3.119074e+00
7.563458e+03 2.626124e+02 1.400941e+03 7.712176e-01 4.669962e-01 2.349201e-02 4.121311e-02 3.464135e+00
6.751859e+03 1.848321e+02 1.851602e+03 3.589102e-01 9.961156e-01 6.021524e-02 -5.877675e-02 5.264991e+00
7.244248e+03 3.818979e+02 6.975842e+02 9.557294e-01 4.744749e-01 5.358664e-02 -8.359648e-03 2.958022e+00
5.521107e+03 4.895729e+02 5.550938e+02 1.372452e-01 1.288824e-01 5.707921e-02 9.908476e-03 3.577810e+00
9.098842e+03 2.106432e+02 8.241239e+02 4.261704e-01 5.405906e-01 6.729816e-02 3.403872e-02 3.416635e+00
5.867812e+03 3.508508e+02 1.731128e+03 5.394121e-01 5.899779e-01 1.141783e-02 6.971254e-02 4.185828e+00
8.613326e+03 2.708219e+02 1.449858e+03 6.915689e-01 9.242143e-02 3.778115e-02 -5.015940e-02 2.663758e+00
7.563790e+03 3.917503e+02 1.202617e+03 7.306451e-02 1.164184e-01 3.623806e-02 -5.892671e-02 3.231541e+00
5.502805e+03 2.064689e+02 1.494336e+03 1.523719e-01 7.539453e-01 2.718405e-02 1.712993e-02 6.104624e+00
9.360236e+03 1.893284e+02 3.194619e+02 7.663046e-01 1.822844e-01 9.388640e-03 4.378385e-02 2.511632e+00
6.898601e+03 4.543388e+02 1.659012e+03 7.823855e-01 2.824289e-01 6.394026e-02 -4.648735e-02 3.014375e+00
8.974750e+03 3.658424e+02 1.832815e+03 1.157648e-02 6.494920e-01 4.049383e-02 3.409678e-02 4.653654e+00
8.790238e+03 1.483199e+02 1.124556e+03 7.048670e-01 9.570643e-01 1.461316e-02 8.336837e-03 4.716904e+00
7.601703e+03 1.000163e+02 5.879034e+02 6.431093e-01 6.916986e-01 5.607550e-02 -8.670979e-03 3.729371e+00
